6
10
34 40 1 45 32 69 40 67 35 80 44 77 48 95 36 48 32 45 5 53 
5
30
29
38
17
31

25
77 110 26 65 3 64 88 139 35 81 76 195 83 154 74 115 38 81 1 24 116 118 115 210 30 46 29 58 68 119 14 121 2 118 88 187 87 137 100 106 15 93 81 110 51 120 12 112 57 79 
25
128
104
24
235
209
23
28
109
196
138
137
166
12
100
166
91
232
233
35
39
148
1
132
7
104

50
1 500 500 500 126 232 96 314 229 295 58 203 61 161 8 233 36 59 123 174 10 43 147 351 36 213 52 231 142 187 72 227 232 340 52 135 73 115 38 221 159 322 235 312 152 392 21 263 7 126 221 360 146 363 120 188 42 230 225 387 186 207 157 290 131 142 136 181 66 180 91 167 165 190 222 261 165 284 155 217 55 186 145 295 25 195 210 394 19 95 220 380 210 411 34 106 19 163 87 159 
50
262
451
71
83
438
265
29
23
251
272
194
52
324
211
181
432
1
266
416
233
203
77
22
64
256
444
491
15
473
433
494
154
121
470
363
207
107
17
472
358
161
450
466
385
171
308
269
89
451
496

15
104 104 17 17 15 15 83 163 168 194 51 124 27 131 130 256 12 100 120 265 145 281 178 321 168 271 96 235 69 105 
8
104
119
98
8
368
331
270
15

20
134 300 184 350 197 257 247 328 58 60 108 230 189 214 239 307 143 342 193 371 109 278 159 339 28 111 78 255 89 281 139 340 21 114 71 257 190 239 240 319 
15
163
15
398
3
135
185
248
109
240
194
160
79
140
72
241

15
298 471 92 298 136 222 68 146 198 249 184 318 98 140 85 280 164 297 156 159 80 118 70 231 199 370 44 199 117 292 
8
298
117
40
380
186
267
391
173

